1 0.000113442271016
2 0.0721011127225
3 0.000113442271016
4 0.000113442271016
5 0.0450727077691
6 0.000113442271016
7 0.00500986676047
8 0.000113442271016
9 0.0496397936411
10 0.000113442271016
11 0.000113442271016
12 0.0264379618421
13 0.000113442271016
14 0.000113442271016
15 0.00448382142488
16 0.000113442271016
17 0.000113442271016
18 0.133628953553
19 0.000172316620207
20 0.0598991785639
21 0.000113442271016
22 0.0135339905045
23 0.000113442271016
24 0.0140542133531
25 0.000113442271016
26 0.000113442271016
27 0.000113442271016
28 0.000113442271016
29 0.000172316620207
30 0.000113442271016
31 0.000113442271016
32 0.000113442271016
33 0.000113442271016
34 0.000113442271016
35 0.000113442271016
36 0.000113442271016
37 0.000113442271016
38 0.000113442271016
39 0.000113442271016
40 0.000113442271016
41 0.000113442271016
42 0.000113442271016
43 0.000113442271016
44 0.000113442271016
45 0.000113442271016
46 0.000113442271016
47 0.000113442271016
48 0.000113442271016
49 0.000113442271016
50 0.000113442271016
51 0.000113442271016
52 0.000113442271016
53 0.000113442271016
54 0.000113442271016
55 0.000113442271016
56 0.00608670302399
57 0.000113442271016
58 0.000113442271016
59 0.000113442271016
60 0.000113442271016
61 0.000113442271016
62 0.000113442271016
63 0.000113442271016
64 0.000113442271016
65 0.000113442271016
66 0.000113442271016
67 0.000113442271016
68 0.000113442271016
69 0.000113442271016
70 0.000113442271016
71 0.000113442271016
72 0.000113442271016
73 0.000113442271016
74 0.000113442271016
75 0.000113442271016
76 0.000113442271016
77 0.000113442271016
78 0.000113442271016
79 0.000113442271016
80 0.00102549849064
81 0.000113442271016
82 0.000113442271016
83 0.000113442271016
84 0.000113442271016
85 0.000113442271016
86 0.000113442271016
87 0.000113442271016
88 0.000113442271016
89 0.000113442271016
90 0.000113442271016
91 0.000113442271016
92 0.000113442271016
93 0.000113442271016
94 0.000113442271016
95 0.000113442271016
96 0.000113442271016
97 0.000113442271016
98 0.000113442271016
99 0.000113442271016
100 0.000113442271016
101 0.000113442271016
102 0.000113442271016
103 0.000113442271016
104 0.000113442271016
105 0.000113442271016
106 0.000113442271016
107 0.000113442271016
108 0.000113442271016
109 0.000113442271016
110 0.000113442271016
111 0.000113442271016
112 0.000113442271016
113 0.000113442271016
114 0.000113442271016
115 0.000113442271016
116 0.000113442271016
117 0.000113442271016
118 0.000113442271016
119 0.000113442271016
120 0.000113442271016
121 0.000113442271016
122 0.000113442271016
123 0.000113442271016
124 0.000113442271016
125 0.000113442271016
126 0.000113442271016
127 0.000113442271016
128 0.00157284701867
129 0.000113442271016
130 0.000113442271016
131 0.000113442271016
132 0.00615229909083
133 0.000113442271016
134 0.000113442271016
135 0.000113442271016
136 0.000113442271016
137 0.000113442271016
138 0.00422474791016
139 0.000113442271016
140 0.000113442271016
141 0.000113442271016
142 0.000113442271016
143 0.000113442271016
144 0.00618582379895
145 0.000113442271016
146 0.000113442271016
147 0.000172316620207
148 0.000113442271016
149 0.000113442271016
150 0.000113442271016
151 0.000113442271016
152 0.000113442271016
153 0.000113442271016
154 0.000172316620207
155 0.000113442271016
156 0.000113442271016
157 0.000113442271016
158 0.000113442271016
159 0.000113442271016
160 0.043455338204
161 0.000113442271016
162 0.000113442271016
163 0.000113442271016
164 0.000113442271016
165 0.000113442271016
166 0.000113442271016
167 0.000113442271016
168 0.000113442271016
169 0.000113442271016
170 0.000113442271016
171 0.000113442271016
172 0.000113442271016
173 0.000113442271016
174 0.000113442271016
175 0.000113442271016
176 0.000113442271016
177 0.000113442271016
178 0.000113442271016
179 0.000113442271016
180 0.000113442271016
181 0.000113442271016
182 0.000113442271016
183 0.000113442271016
184 0.000113442271016
185 0.000113442271016
186 0.000113442271016
187 0.000113442271016
188 0.000113442271016
189 0.000113442271016
190 0.000113442271016
191 0.000113442271016
192 0.000113442271016
193 0.000113442271016
194 0.000113442271016
195 0.000113442271016
196 0.000113442271016
197 0.000113442271016
198 0.000113442271016
199 0.000113442271016
200 0.000113442271016
201 0.000113442271016
202 0.000113442271016
203 0.000113442271016
204 0.000113442271016
205 0.000113442271016
206 0.00380937165559
207 0.000172316620207
208 0.00608670302399
209 0.000113442271016
210 0.000113442271016
211 0.000172316620207
212 0.000113442271016
213 0.000113442271016
214 0.000113442271016
215 0.000113442271016
216 0.000113442271016
217 0.000113442271016
218 0.000172316620207
219 0.000113442271016
220 0.000172316620207
221 0.000113442271016
222 0.000113442271016
223 0.000113442271016
224 0.000113442271016
225 0.000113442271016
226 0.000113442271016
227 0.000113442271016
228 0.000113442271016
229 0.000113442271016
230 0.000113442271016
231 0.000113442271016
232 0.00577126213089
233 0.000113442271016
234 0.000113442271016
235 0.000113442271016
236 0.000113442271016
237 0.000113442271016
238 0.000113442271016
239 0.000113442271016
240 0.000113442271016
241 0.000113442271016
242 0.000113442271016
243 0.000113442271016
244 0.000172316620207
245 0.000113442271016
246 0.000113442271016
247 0.000113442271016
248 0.000113442271016
249 0.000113442271016
250 0.000113442271016
251 0.000113442271016
252 0.000113442271016
253 0.000113442271016
254 0.000113442271016
255 0.000113442271016
256 0.000113442271016
257 0.000113442271016
258 0.000113442271016
259 0.000113442271016
260 0.000113442271016
261 0.000113442271016
262 0.000113442271016
263 0.000113442271016
264 0.000113442271016
265 0.000113442271016
266 0.000113442271016
267 0.00577126213089
268 0.000113442271016
269 0.000113442271016
270 0.000113442271016
271 0.000113442271016
272 0.00577126213089
273 0.000113442271016
274 0.000113442271016
275 0.000113442271016
276 0.000113442271016
277 0.000113442271016
278 0.000113442271016
279 0.000113442271016
280 0.000113442271016
281 0.000113442271016
282 0.000113442271016
283 0.000113442271016
284 0.000113442271016
285 0.000113442271016
286 0.000113442271016
287 0.000113442271016
288 0.000113442271016
289 0.000113442271016
290 0.000113442271016
291 0.000113442271016
292 0.000113442271016
293 0.000113442271016
294 0.000113442271016
295 0.000113442271016
296 0.000113442271016
297 0.000172316620207
298 0.000113442271016
299 0.000113442271016
300 0.000113442271016
301 0.000113442271016
302 0.000113442271016
303 0.000113442271016
304 0.000113442271016
305 0.000113442271016
306 0.000113442271016
307 0.000113442271016
308 0.000113442271016
309 0.000113442271016
310 0.000113442271016
311 0.000113442271016
312 0.000113442271016
313 0.000113442271016
314 0.000113442271016
315 0.000172316620207
316 0.000113442271016
317 0.000113442271016
318 0.000113442271016
319 0.000113442271016
320 0.000113442271016
321 0.0035965021238
322 0.000113442271016
323 0.000113442271016
324 0.000113442271016
325 0.000113442271016
326 0.000113442271016
327 0.000113442271016
328 0.000113442271016
329 0.000113442271016
330 0.000113442271016
331 0.000113442271016
332 0.000113442271016
333 0.0035965021238
334 0.000113442271016
335 0.000113442271016
336 0.000113442271016
337 0.000113442271016
338 0.000113442271016
339 0.000113442271016
340 0.000113442271016
341 0.000113442271016
342 0.000113442271016
343 0.000113442271016
344 0.000113442271016
345 0.000113442271016
346 0.000113442271016
347 0.000113442271016
348 0.000172316620207
349 0.000113442271016
350 0.000113442271016
351 0.000113442271016
352 0.000113442271016
353 0.000113442271016
354 0.000113442271016
355 0.000113442271016
356 0.000113442271016
357 0.000113442271016
358 0.000113442271016
359 0.000113442271016
360 0.000113442271016
361 0.000113442271016
362 0.000113442271016
363 0.000113442271016
364 0.000113442271016
365 0.000113442271016
366 0.000113442271016
367 0.000113442271016
368 0.000113442271016
369 0.000113442271016
370 0.000113442271016
371 0.000113442271016
372 0.000113442271016
373 0.000113442271016
374 0.000113442271016
375 0.000113442271016
376 0.000113442271016
377 0.000113442271016
378 0.000113442271016
379 0.000113442271016
380 0.000113442271016
381 0.000113442271016
382 0.000113442271016
383 0.000113442271016
384 0.000113442271016
385 0.000113442271016
386 0.000172316620207
387 0.000172316620207
388 0.000113442271016
389 0.000113442271016
390 0.000113442271016
391 0.000113442271016
392 0.000113442271016
393 0.000113442271016
394 0.000113442271016
395 0.000113442271016
396 0.000113442271016
397 0.000113442271016
398 0.000113442271016
399 0.000113442271016
400 0.000113442271016
401 0.000113442271016
402 0.000113442271016
403 0.000113442271016
404 0.000113442271016
405 0.000113442271016
406 0.000113442271016
407 0.000113442271016
408 0.000113442271016
409 0.000113442271016
410 0.000113442271016
411 0.000113442271016
412 0.000113442271016
413 0.000113442271016
414 0.000113442271016
415 0.000113442271016
416 0.000113442271016
417 0.000113442271016
418 0.000113442271016
419 0.000113442271016
420 0.000113442271016
421 0.000113442271016
422 0.000113442271016
423 0.000113442271016
424 0.000113442271016
425 0.000113442271016
426 0.000113442271016
427 0.000113442271016
428 0.000113442271016
429 0.000113442271016
430 0.000113442271016
431 0.000113442271016
432 0.000113442271016
433 0.000113442271016
434 0.000113442271016
435 0.000113442271016
436 0.000113442271016
437 0.000113442271016
438 0.000113442271016
439 0.000113442271016
440 0.000113442271016
441 0.000113442271016
442 0.000113442271016
443 0.000113442271016
444 0.000113442271016
445 0.000113442271016
446 0.000113442271016
447 0.000113442271016
448 0.000113442271016
449 0.000113442271016
450 0.000113442271016
451 0.000113442271016
452 0.000113442271016
453 0.000113442271016
454 0.000113442271016
455 0.000113442271016
456 0.000113442271016
457 0.000113442271016
458 0.000113442271016
459 0.000113442271016
460 0.000113442271016
461 0.000113442271016
462 0.000113442271016
463 0.000113442271016
464 0.000113442271016
465 0.000113442271016
466 0.000113442271016
467 0.000113442271016
468 0.000113442271016
469 0.000113442271016
470 0.000113442271016
471 0.000113442271016
472 0.000113442271016
473 0.000113442271016
474 0.000113442271016
475 0.000113442271016
476 0.000113442271016
477 0.000113442271016
478 0.000113442271016
479 0.000113442271016
480 0.000113442271016
481 0.000113442271016
482 0.000113442271016
483 0.000113442271016
484 0.000113442271016
485 0.000113442271016
486 0.000113442271016
487 0.000113442271016
488 0.000113442271016
489 0.000113442271016
490 0.000113442271016
491 0.000113442271016
492 0.000113442271016
493 0.000113442271016
494 0.000113442271016
495 0.000113442271016
496 0.000364157284693
497 0.000113442271016
498 0.000113442271016
499 0.000113442271016
500 0.000113442271016
501 0.000113442271016
502 0.000113442271016
503 0.000172316620207
504 0.000113442271016
505 0.000113442271016
506 0.000113442271016
507 0.000113442271016
508 0.000113442271016
509 0.000113442271016
510 0.000113442271016
511 0.000113442271016
512 0.000113442271016
513 0.000113442271016
514 0.000113442271016
515 0.000113442271016
516 0.000113442271016
517 0.000113442271016
518 0.000113442271016
519 0.000113442271016
520 0.000113442271016
521 0.000113442271016
522 0.000113442271016
523 0.000113442271016
524 0.000113442271016
525 0.000113442271016
526 0.000113442271016
527 0.000113442271016
528 0.000113442271016
529 0.000113442271016
530 0.000172316620207
531 0.000113442271016
532 0.000113442271016
533 0.000113442271016
534 0.000113442271016
535 0.000113442271016
536 0.000113442271016
537 0.000113442271016
538 0.000113442271016
539 0.000113442271016
540 0.000113442271016
541 0.000113442271016
542 0.000113442271016
543 0.00123362409494
544 0.000113442271016
545 0.000113442271016
546 0.000113442271016
547 0.000113442271016
548 0.000113442271016
549 0.000113442271016
550 0.000113442271016
551 0.000113442271016
552 0.000172316620207
553 0.000172316620207
554 0.000113442271016
555 0.000113442271016
556 0.000113442271016
557 0.000113442271016
558 0.000113442271016
559 0.000113442271016
560 0.000113442271016
561 0.000113442271016
562 0.000113442271016
563 0.000113442271016
564 0.000113442271016
565 0.000113442271016
566 0.000113442271016
567 0.000113442271016
568 0.000113442271016
569 0.000113442271016
570 0.000113442271016
571 0.000113442271016
572 0.000113442271016
573 0.000113442271016
574 0.000113442271016
575 0.000113442271016
576 0.000113442271016
577 0.000113442271016
578 0.000113442271016
579 0.000113442271016
580 0.000113442271016
581 0.000113442271016
582 0.000113442271016
583 0.000113442271016
584 0.000113442271016
585 0.000113442271016
586 0.000113442271016
587 0.000113442271016
588 0.000113442271016
589 0.000113442271016
590 0.000113442271016
591 0.000113442271016
592 0.000113442271016
593 0.000172316620207
594 0.000113442271016
595 0.000113442271016
596 0.000113442271016
597 0.000113442271016
598 0.000113442271016
599 0.000113442271016
600 0.000113442271016
601 0.000113442271016
602 0.000113442271016
603 0.000113442271016
604 0.000113442271016
605 0.000113442271016
606 0.000113442271016
607 0.000113442271016
608 0.000113442271016
609 0.000113442271016
610 0.000113442271016
611 0.000113442271016
612 0.000113442271016
613 0.000113442271016
614 0.000113442271016
615 0.000113442271016
616 0.000113442271016
617 0.000113442271016
618 0.000113442271016
619 0.000113442271016
620 0.000113442271016
621 0.000113442271016
622 0.000172316620207
623 0.000113442271016
624 0.000113442271016
625 0.000113442271016
626 0.000113442271016
627 0.000113442271016
628 0.000113442271016
629 0.000113442271016
630 0.000113442271016
631 0.000113442271016
632 0.000113442271016
633 0.0011650900982
634 0.000113442271016
635 0.000113442271016
636 0.000113442271016
637 0.000113442271016
638 0.000113442271016
639 0.000113442271016
640 0.000113442271016
641 0.000113442271016
642 0.000113442271016
643 0.000113442271016
644 0.000113442271016
645 0.000113442271016
646 0.000113442271016
647 0.000113442271016
648 0.000113442271016
649 0.000113442271016
650 0.000113442271016
651 0.000113442271016
652 0.000113442271016
653 0.000113442271016
654 0.000113442271016
655 0.000113442271016
656 0.000113442271016
657 0.000113442271016
658 0.000113442271016
659 0.000113442271016
660 0.000113442271016
661 0.000113442271016
662 0.000113442271016
663 0.000113442271016
664 0.000113442271016
665 0.000113442271016
666 0.000113442271016
667 0.000113442271016
668 0.000113442271016
669 0.000113442271016
670 0.000113442271016
671 0.000113442271016
672 0.000113442271016
673 0.000113442271016
674 0.000113442271016
675 0.000113442271016
676 0.000113442271016
677 0.000113442271016
678 0.000113442271016
679 0.000113442271016
680 0.000113442271016
681 0.000113442271016
682 0.000113442271016
683 0.000113442271016
684 0.000113442271016
685 0.000113442271016
686 0.000113442271016
687 0.000113442271016
688 0.000113442271016
689 0.000113442271016
690 0.000113442271016
691 0.000113442271016
692 0.000113442271016
693 0.000113442271016
694 0.000113442271016
695 0.000113442271016
696 0.000113442271016
697 0.000113442271016
698 0.000113442271016
699 0.000113442271016
700 0.000113442271016
701 0.000113442271016
702 0.000113442271016
703 0.000113442271016
704 0.000113442271016
705 0.000113442271016
706 0.000113442271016
707 0.000113442271016
708 0.000113442271016
709 0.000113442271016
710 0.000113442271016
711 0.000113442271016
712 0.000113442271016
713 0.000113442271016
714 0.000113442271016
715 0.000113442271016
716 0.000113442271016
717 0.000113442271016
718 0.000113442271016
719 0.000113442271016
720 0.000113442271016
721 0.000113442271016
722 0.000113442271016
723 0.000113442271016
724 0.000113442271016
725 0.0035965021238
726 0.000113442271016
727 0.000113442271016
728 0.000113442271016
729 0.000113442271016
730 0.000113442271016
731 0.000113442271016
732 0.000113442271016
733 0.000113442271016
734 0.000113442271016
735 0.000113442271016
736 0.000113442271016
737 0.000113442271016
738 0.000113442271016
739 0.000113442271016
740 0.000113442271016
741 0.000113442271016
742 0.000113442271016
743 0.000113442271016
744 0.000113442271016
745 0.000113442271016
746 0.000113442271016
747 0.000113442271016
748 0.000113442271016
749 0.000113442271016
750 0.000113442271016
751 0.000113442271016
752 0.000113442271016
753 0.000113442271016
754 0.000113442271016
755 0.000113442271016
756 0.000113442271016
757 0.000113442271016
758 0.000113442271016
759 0.000113442271016
760 0.000113442271016
761 0.000113442271016
762 0.000172316620207
763 0.000113442271016
764 0.000113442271016
765 0.000113442271016
766 0.000113442271016
767 0.000113442271016
768 0.000113442271016
769 0.000113442271016
770 0.000113442271016
771 0.000113442271016
772 0.000113442271016
773 0.000113442271016
774 0.000113442271016
775 0.000113442271016
776 0.000113442271016
777 0.000113442271016
778 0.0011650900982
779 0.000113442271016
780 0.000113442271016
781 0.000113442271016
782 0.000113442271016
783 0.000113442271016
784 0.000113442271016
785 0.000113442271016
786 0.000113442271016
787 0.000113442271016
788 0.000113442271016
789 0.000113442271016
790 0.000113442271016
791 0.000113442271016
792 0.000113442271016
793 0.000113442271016
794 0.000113442271016
795 0.000113442271016
796 0.000113442271016
797 0.000113442271016
798 0.000113442271016
799 0.000113442271016
800 0.0011650900982
801 0.000113442271016
802 0.000113442271016
803 0.000113442271016
804 0.000113442271016
805 0.000113442271016
806 0.000113442271016
807 0.000113442271016
808 0.000113442271016
809 0.000113442271016
810 0.0124235895083
811 0.0124235895083
812 0.000113442271016
813 0.000113442271016
814 0.000113442271016
815 0.000113442271016
816 0.000113442271016
817 0.000113442271016
818 0.000113442271016
819 0.000113442271016
820 0.000113442271016
821 0.000113442271016
822 0.000113442271016
823 0.000113442271016
824 0.000113442271016
825 0.000113442271016
826 0.000113442271016
827 0.000113442271016
828 0.000113442271016
829 0.000113442271016
830 0.000113442271016
831 0.000113442271016
832 0.000113442271016
833 0.000113442271016
834 0.000113442271016
835 0.000113442271016
836 0.000113442271016
837 0.000113442271016
838 0.00714610317159
839 0.000113442271016
840 0.000113442271016
841 0.000113442271016
842 0.000113442271016
843 0.000113442271016
844 0.000113442271016
845 0.000113442271016
846 0.000113442271016
847 0.000113442271016
848 0.000113442271016
849 0.000113442271016
850 0.000113442271016
851 0.000113442271016
852 0.000113442271016
853 0.000113442271016
854 0.000113442271016
855 0.000113442271016
856 0.000113442271016
857 0.000113442271016
858 0.000113442271016
859 0.000113442271016
860 0.000113442271016
861 0.000113442271016
862 0.000113442271016
863 0.000113442271016
864 0.000113442271016
865 0.000113442271016
866 0.000113442271016
867 0.000113442271016
868 0.000113442271016
869 0.000113442271016
870 0.000113442271016
871 0.000113442271016
872 0.000113442271016
873 0.000113442271016
874 0.000113442271016
875 0.000113442271016
876 0.000113442271016
877 0.000113442271016
878 0.000113442271016
879 0.000113442271016
880 0.000113442271016
881 0.000113442271016
882 0.000113442271016
883 0.000113442271016
884 0.000113442271016
885 0.000113442271016
886 0.000113442271016
887 0.000113442271016
888 0.000113442271016
889 0.000113442271016
890 0.000113442271016
891 0.000113442271016
892 0.000113442271016
893 0.000113442271016
894 0.000113442271016
895 0.000113442271016
896 0.000113442271016
897 0.000113442271016
898 0.000113442271016
899 0.000113442271016
900 0.000113442271016
901 0.000113442271016
902 0.000113442271016
903 0.000113442271016
904 0.000113442271016
905 0.000113442271016
906 0.000113442271016
907 0.000113442271016
908 0.000113442271016
909 0.000113442271016
910 0.000113442271016
911 0.000113442271016
912 0.000113442271016
913 0.000113442271016
914 0.000113442271016
915 0.000113442271016
916 0.000113442271016
917 0.000113442271016
918 0.000113442271016
919 0.000113442271016
920 0.000113442271016
921 0.000113442271016
922 0.000113442271016
923 0.000113442271016
924 0.000113442271016
925 0.000113442271016
926 0.000113442271016
927 0.000113442271016
928 0.000113442271016
929 0.000113442271016
930 0.000113442271016
931 0.000113442271016
932 0.000113442271016
933 0.000113442271016
934 0.000113442271016
935 0.000113442271016
936 0.000113442271016
937 0.000113442271016
938 0.000113442271016
939 0.000113442271016
940 0.000113442271016
941 0.000113442271016
942 0.000113442271016
943 0.000113442271016
944 0.000113442271016
945 0.000113442271016
946 0.000113442271016
947 0.000113442271016
948 0.000113442271016
949 0.000113442271016
950 0.000113442271016
951 0.000113442271016
952 0.000113442271016
953 0.000113442271016
954 0.000113442271016
955 0.000113442271016
956 0.000113442271016
957 0.000113442271016
958 0.000113442271016
959 0.000113442271016
960 0.000113442271016
961 0.000113442271016
962 0.000113442271016
963 0.000113442271016
964 0.000113442271016
965 0.000113442271016
966 0.000113442271016
967 0.000113442271016
968 0.000113442271016
969 0.000113442271016
970 0.000113442271016
971 0.000113442271016
972 0.000113442271016
973 0.000113442271016
974 0.000113442271016
975 0.000113442271016
976 0.000113442271016
977 0.000113442271016
978 0.000113442271016
979 0.000113442271016
980 0.000113442271016
981 0.000113442271016
982 0.000113442271016
983 0.000113442271016
984 0.000113442271016
985 0.000113442271016
986 0.000113442271016
987 0.000113442271016
988 0.000113442271016
989 0.000113442271016
990 0.000113442271016
991 0.000113442271016
992 0.000113442271016
993 0.000113442271016
994 0.000113442271016
995 0.000113442271016
996 0.000113442271016
997 0.000113442271016
998 0.000113442271016
999 0.000113442271016
1000 0.000113442271016
1001 0.000113442271016
1002 0.000113442271016
1003 0.000113442271016
1004 0.000113442271016
1005 0.000113442271016
1006 0.000113442271016
1007 0.000113442271016
1008 0.000113442271016
1009 0.000113442271016
1010 0.000113442271016
1011 0.0154366736159
1012 0.000113442271016
1013 0.000113442271016
1014 0.000113442271016
1015 0.000113442271016
1016 0.000113442271016
1017 0.000113442271016
1018 0.000113442271016
1019 0.0154366736159
1020 0.000113442271016
1021 0.000113442271016
1022 0.000113442271016
1023 0.000113442271016
1024 0.000113442271016
1025 0.000113442271016
1026 0.000113442271016
1027 0.000113442271016
1028 0.000113442271016
1029 0.000113442271016
1030 0.000113442271016
1031 0.000113442271016
1032 0.000113442271016
1033 0.000113442271016
1034 0.000113442271016
1035 0.0154366736159
1036 0.000113442271016
1037 0.000113442271016
1038 0.000113442271016
1039 0.000113442271016
1040 0.000113442271016
1041 0.000113442271016
1042 0.000113442271016
1043 0.000113442271016
1044 0.000113442271016
1045 0.000113442271016
1046 0.000113442271016
1047 0.000113442271016
1048 0.000113442271016
1049 0.000113442271016
1050 0.000113442271016
1051 0.000113442271016
1052 0.000113442271016
1053 0.000113442271016
1054 0.000113442271016
1055 0.000113442271016
1056 0.000113442271016
1057 0.000113442271016
1058 0.000113442271016
1059 0.000113442271016
1060 0.000113442271016
1061 0.000113442271016
1062 0.000113442271016
1063 0.000113442271016
1064 0.000113442271016
1065 0.000113442271016
1066 0.000113442271016
1067 0.000113442271016
1068 0.000113442271016
1069 0.000113442271016
1070 0.000113442271016
1071 0.000113442271016
1072 0.00577126213089
1073 0.000113442271016
1074 0.000113442271016
1075 0.000113442271016
1076 0.000113442271016
1077 0.000113442271016
1078 0.000113442271016
1079 0.000113442271016
1080 0.000113442271016
1081 0.000113442271016
1082 0.000113442271016
1083 0.000113442271016
1084 0.000113442271016
1085 0.000113442271016
1086 0.000113442271016
1087 0.000113442271016
1088 0.000113442271016
1089 0.000113442271016
1090 0.000113442271016
1091 0.000113442271016
1092 0.000113442271016
1093 0.000113442271016
1094 0.000113442271016
1095 0.000113442271016
1096 0.000113442271016
1097 0.000113442271016
1098 0.000113442271016
1099 0.000113442271016
1100 0.000113442271016
1101 0.000113442271016
1102 0.000113442271016
1103 0.000113442271016
1104 0.000113442271016
1105 0.000113442271016
1106 0.000113442271016
1107 0.000113442271016
1108 0.000113442271016
1109 0.000113442271016
1110 0.000113442271016
1111 0.0568954600048
1112 0.000113442271016
1113 0.000113442271016
1114 0.000113442271016
1115 0.000113442271016
1116 0.000113442271016
1117 0.000113442271016
1118 0.000113442271016
1119 0.000113442271016
1120 0.000113442271016
1121 0.000113442271016
1122 0.000113442271016
1123 0.000113442271016
1124 0.000113442271016
1125 0.000113442271016
1126 0.000113442271016
1127 0.000113442271016
1128 0.000113442271016
1129 0.000113442271016
1130 0.000113442271016
1131 0.000113442271016
1132 0.000113442271016
1133 0.000113442271016
1134 0.000113442271016
1135 0.000113442271016
1136 0.000113442271016
1137 0.000113442271016
1138 0.000113442271016
1139 0.000113442271016
1140 0.000113442271016
1141 0.000113442271016
1142 0.000172316620207
1143 0.000172316620207
1144 0.000172316620207
1145 0.000113442271016
1146 0.000113442271016
1147 0.000113442271016
1148 0.000113442271016
1149 0.000113442271016
1150 0.000113442271016
1151 0.000113442271016
1152 0.000113442271016
1153 0.000113442271016
1154 0.000113442271016
1155 0.000113442271016
1156 0.000113442271016
1157 0.000113442271016
1158 0.000113442271016
1159 0.000113442271016
1160 0.000113442271016
1161 0.000113442271016
1162 0.000113442271016
1163 0.000113442271016
1164 0.000113442271016
1165 0.000113442271016
1166 0.000113442271016
1167 0.000113442271016
1168 0.000113442271016
1169 0.000113442271016
1170 0.000113442271016
1171 0.000113442271016
1172 0.000113442271016
1173 0.000113442271016
1174 0.000113442271016
1175 0.000113442271016
1176 0.000113442271016
1177 0.000113442271016
1178 0.000113442271016
1179 0.000113442271016
1180 0.000113442271016
1181 0.000113442271016
1182 0.000113442271016
1183 0.000113442271016
1184 0.000113442271016
1185 0.000113442271016
1186 0.000113442271016
1187 0.000113442271016
1188 0.000113442271016
1189 0.000113442271016
1190 0.000113442271016
1191 0.000113442271016
1192 0.000113442271016
1193 0.000113442271016
1194 0.000113442271016
1195 0.000113442271016
1196 0.000113442271016
1197 0.000113442271016
1198 0.000113442271016
1199 0.000113442271016
1200 0.000113442271016
1201 0.000113442271016
1202 0.000113442271016
1203 0.000113442271016
1204 0.000113442271016
1205 0.000113442271016
1206 0.000113442271016
1207 0.000113442271016
1208 0.000113442271016
1209 0.000113442271016
1210 0.000113442271016
1211 0.000113442271016
1212 0.000113442271016
1213 0.000113442271016
1214 0.000113442271016
1215 0.000113442271016
1216 0.000113442271016
1217 0.000113442271016
1218 0.000113442271016
1219 0.000113442271016
1220 0.000113442271016
1221 0.000113442271016
1222 0.00104329190965
1223 0.000113442271016
1224 0.000113442271016
1225 0.000113442271016
1226 0.000113442271016
1227 0.000113442271016
1228 0.000113442271016
1229 0.000113442271016
1230 0.000113442271016
1231 0.000113442271016
1232 0.000113442271016
1233 0.000113442271016
1234 0.000113442271016
1235 0.000113442271016
1236 0.000113442271016
1237 0.000113442271016
1238 0.000113442271016
1239 0.000113442271016
1240 0.000113442271016
1241 0.000113442271016
1242 0.000113442271016
1243 0.000113442271016
1244 0.000113442271016
1245 0.000113442271016
1246 0.000113442271016
1247 0.000113442271016
1248 0.000113442271016
1249 0.000113442271016
1250 0.000113442271016
1251 0.000113442271016
1252 0.000113442271016
1253 0.000113442271016
1254 0.000113442271016
1255 0.000172316620207
1256 0.000113442271016
1257 0.000113442271016
1258 0.000113442271016
1259 0.000113442271016
1260 0.000113442271016
1261 0.000113442271016
1262 0.000113442271016
1263 0.000113442271016
1264 0.000113442271016
1265 0.000113442271016
1266 0.000113442271016
1267 0.000113442271016
1268 0.000113442271016
1269 0.000113442271016
1270 0.000113442271016
1271 0.000113442271016
1272 0.000113442271016
1273 0.000113442271016
1274 0.000113442271016
1275 0.000113442271016
1276 0.000113442271016
1277 0.000113442271016
1278 0.000113442271016
1279 0.000113442271016
1280 0.000113442271016
1281 0.000113442271016
1282 0.000113442271016
1283 0.000113442271016
1284 0.000113442271016
1285 0.000113442271016
1286 0.000113442271016
1287 0.000113442271016
1288 0.000113442271016
1289 0.000113442271016
1290 0.000113442271016
1291 0.000113442271016
1292 0.000113442271016
1293 0.000113442271016
1294 0.000113442271016
1295 0.000113442271016
1296 0.000113442271016
1297 0.000113442271016
1298 0.000113442271016
1299 0.000113442271016
1300 0.000113442271016
1301 0.000113442271016
1302 0.000113442271016
1303 0.000113442271016
1304 0.000113442271016
1305 0.000113442271016
1306 0.000113442271016
1307 0.000113442271016
1308 0.000113442271016
1309 0.000113442271016
1310 0.000113442271016
1311 0.000113442271016
1312 0.000113442271016
1313 0.000113442271016
1314 0.000113442271016
1315 0.000113442271016
1316 0.000113442271016
1317 0.000113442271016
1318 0.000113442271016
1319 0.000113442271016
1320 0.000113442271016
1321 0.000113442271016
1322 0.000113442271016
1323 0.000113442271016
1324 0.000113442271016
1325 0.000113442271016
1326 0.000113442271016
1327 0.000113442271016
1328 0.000113442271016
1329 0.000113442271016
1330 0.000113442271016
1331 0.000113442271016
1332 0.000113442271016
1333 0.000113442271016
1334 0.000113442271016
1335 0.000113442271016
1336 0.000113442271016
1337 0.000113442271016
1338 0.000113442271016
1339 0.000113442271016
1340 0.000113442271016
1341 0.000113442271016
1342 0.000113442271016
1343 0.000113442271016
1344 0.000113442271016
1345 0.000113442271016
1346 0.000113442271016
1347 0.000113442271016
1348 0.000113442271016
1349 0.000113442271016
1350 0.000113442271016
1351 0.000113442271016
1352 0.000113442271016
1353 0.000113442271016
1354 0.000113442271016
1355 0.000113442271016
1356 0.000113442271016
1357 0.000113442271016
1358 0.000113442271016
1359 0.000113442271016
1360 0.000113442271016
1361 0.000113442271016
1362 0.000113442271016
1363 0.000113442271016
1364 0.000113442271016
1365 0.000113442271016
1366 0.000113442271016
1367 0.000113442271016
1368 0.000113442271016
1369 0.000113442271016
1370 0.000113442271016
1371 0.000113442271016
1372 0.000113442271016
1373 0.000113442271016
1374 0.000113442271016
1375 0.000113442271016
1376 0.000113442271016
1377 0.000113442271016
1378 0.000113442271016
1379 0.000113442271016
1380 0.000113442271016
1381 0.000113442271016
1382 0.000113442271016
1383 0.000113442271016
1384 0.000113442271016
1385 0.000113442271016
1386 0.000113442271016
1387 0.000113442271016
1388 0.000113442271016
1389 0.000113442271016
1390 0.000113442271016
1391 0.000113442271016
1392 0.000113442271016
1393 0.000113442271016
1394 0.000113442271016
1395 0.000113442271016
1396 0.000113442271016
1397 0.000113442271016
1398 0.000113442271016
1399 0.000113442271016
1400 0.000113442271016
1401 0.000113442271016
1402 0.000113442271016
1403 0.000113442271016
1404 0.000113442271016
1405 0.000113442271016
1406 0.000113442271016
1407 0.000113442271016
1408 0.000113442271016
1409 0.000113442271016
1410 0.000113442271016
1411 0.000113442271016
1412 0.000113442271016
1413 0.000113442271016
1414 0.000113442271016
1415 0.000113442271016
1416 0.000113442271016
1417 0.000113442271016
1418 0.000113442271016
1419 0.000172316620207
1420 0.000113442271016
1421 0.000113442271016
1422 0.000113442271016
1423 0.000172316620207
1424 0.000172316620207
1425 0.000172316620207
1426 0.000172316620207
1427 0.000172316620207
1428 0.000172316620207
1429 0.000172316620207
1430 0.000172316620207
1431 0.000113442271016
1432 0.000113442271016
1433 0.000113442271016
1434 0.000113442271016
1435 0.00714610317159
1436 0.000113442271016
1437 0.000113442271016
1438 0.000113442271016
1439 0.000172316620207
1440 0.000113442271016
1441 0.000113442271016
1442 0.00714610317159
1443 0.00714610317159
1444 0.000113442271016
1445 0.000113442271016
1446 0.000172316620207
1447 0.000113442271016
1448 0.000113442271016
1449 0.000113442271016
1450 0.000113442271016
1451 0.000113442271016
1452 0.000113442271016
1453 0.000172316620207
1454 0.000113442271016
1455 0.000113442271016
1456 0.000172316620207
1457 0.000172316620207
1458 0.000113442271016
1459 0.000172316620207
1460 0.000113442271016
1461 0.000172316620207
1462 0.000113442271016
1463 0.000172316620207
1464 0.000113442271016
1465 0.000113442271016
1466 0.000113442271016
1467 0.000172316620207
1468 0.000172316620207
1469 0.000113442271016
1470 0.000113442271016
1471 0.000113442271016
1472 0.000113442271016
1473 0.000113442271016
1474 0.000113442271016
1475 0.000113442271016
1476 0.000113442271016
1477 0.000113442271016
1478 0.000113442271016
1479 0.000113442271016
1480 0.000113442271016
1481 0.000113442271016
1482 0.000113442271016
1483 0.000113442271016
1484 0.000113442271016
1485 0.000113442271016
1486 0.000113442271016
1487 0.000113442271016
1488 0.000113442271016
1489 0.000113442271016
1490 0.000113442271016
1491 0.000113442271016
1492 0.000113442271016
1493 0.000113442271016
1494 0.000113442271016
1495 0.000113442271016
1496 0.000113442271016
1497 0.000113442271016
1498 0.000113442271016
1499 0.000113442271016
1500 0.000113442271016
1501 0.000113442271016
1502 0.000113442271016
1503 0.000113442271016
1504 0.000113442271016
1505 0.000172316620207
1506 0.000113442271016
1507 0.000113442271016
1508 0.000113442271016
1509 0.000113442271016
1510 0.000113442271016
1511 0.000113442271016
1512 0.000113442271016
1513 0.000113442271016
1514 0.000113442271016
1515 0.000113442271016
1516 0.000113442271016
1517 0.000113442271016
1518 0.000113442271016
1519 0.000113442271016
1520 0.000113442271016
1521 0.000113442271016
1522 0.000113442271016
1523 0.000113442271016
1524 0.000113442271016
1525 0.000113442271016
1526 0.000113442271016
1527 0.000113442271016
1528 0.000113442271016
1529 0.000113442271016
1530 0.000113442271016
1531 0.000113442271016
1532 0.000113442271016
1533 0.000113442271016
1534 0.000113442271016
1535 0.000113442271016
1536 0.000113442271016
1537 0.000113442271016
1538 0.000113442271016
1539 0.000113442271016
1540 0.000113442271016
1541 0.000113442271016
1542 0.000113442271016
1543 0.000113442271016
1544 0.000172316620207
1545 0.000113442271016
1546 0.000113442271016
1547 0.000113442271016
1548 0.000113442271016
1549 0.000113442271016
1550 0.000113442271016
1551 0.000113442271016
1552 0.000113442271016
1553 0.000113442271016
1554 0.000113442271016
1555 0.000113442271016
1556 0.000113442271016
1557 0.000113442271016
1558 0.000113442271016
1559 0.000113442271016
1560 0.000113442271016
1561 0.000113442271016
1562 0.000113442271016
1563 0.000113442271016
1564 0.000113442271016
1565 0.000113442271016
1566 0.000113442271016
1567 0.000113442271016
1568 0.000113442271016
1569 0.000113442271016
1570 0.000113442271016
1571 0.000113442271016
1572 0.000113442271016
1573 0.000113442271016
1574 0.000113442271016
1575 0.000113442271016
1576 0.000113442271016
1577 0.000113442271016
1578 0.000113442271016
1579 0.000113442271016
1580 0.000113442271016
1581 0.000113442271016
1582 0.000113442271016
1583 0.000113442271016
1584 0.000113442271016
1585 0.000113442271016
1586 0.000113442271016
1587 0.000113442271016
1588 0.000113442271016
1589 0.000113442271016
1590 0.000113442271016
1591 0.000113442271016
1592 0.000113442271016
1593 0.000113442271016
1594 0.000113442271016
1595 0.000113442271016
1596 0.000113442271016
1597 0.000113442271016
1598 0.000113442271016
1599 0.000113442271016
1600 0.000113442271016
1601 0.000113442271016
1602 0.000113442271016
1603 0.000113442271016
1604 0.000113442271016
1605 0.000113442271016
1606 0.000113442271016
1607 0.000113442271016
1608 0.000113442271016
1609 0.000113442271016
1610 0.000113442271016
1611 0.000113442271016
1612 0.000113442271016
1613 0.000113442271016
1614 0.000113442271016
1615 0.000113442271016
1616 0.000113442271016
1617 0.000113442271016
1618 0.000113442271016
1619 0.000113442271016
1620 0.000113442271016
1621 0.000113442271016
1622 0.000113442271016
1623 0.000113442271016
1624 0.000113442271016
1625 0.000113442271016
1626 0.000113442271016
1627 0.000113442271016
1628 0.000113442271016
1629 0.000113442271016
1630 0.000113442271016
1631 0.000113442271016
1632 0.000113442271016
1633 0.000113442271016
1634 0.000113442271016
1635 0.000113442271016
1636 0.0035965021238
1637 0.000113442271016
1638 0.0035965021238
1639 0.000113442271016
1640 0.000113442271016
1641 0.000113442271016
1642 0.000113442271016
1643 0.000113442271016
1644 0.000113442271016
1645 0.000113442271016
1646 0.000113442271016
1647 0.000113442271016
1648 0.000113442271016
1649 0.000113442271016
1650 0.000113442271016
1651 0.000113442271016
1652 0.000113442271016
1653 0.000113442271016
1654 0.000113442271016
1655 0.000113442271016
1656 0.000113442271016
1657 0.000113442271016
1658 0.000113442271016
1659 0.000113442271016
1660 0.000172316620207
1661 0.000113442271016
1662 0.000113442271016
1663 0.000113442271016
1664 0.000113442271016
1665 0.000113442271016
1666 0.000113442271016
1667 0.000113442271016
1668 0.000113442271016
1669 0.000113442271016
1670 0.000113442271016
1671 0.000113442271016
1672 0.000113442271016
1673 0.000113442271016
1674 0.000113442271016
1675 0.000113442271016
1676 0.000113442271016
1677 0.000113442271016
1678 0.000113442271016
1679 0.000113442271016
1680 0.000113442271016
1681 0.000113442271016
1682 0.000113442271016
1683 0.000113442271016
1684 0.000113442271016
1685 0.000113442271016
1686 0.000113442271016
1687 0.000113442271016
1688 0.000113442271016
1689 0.000113442271016
1690 0.000113442271016
1691 0.000113442271016
1692 0.000113442271016
1693 0.000113442271016
1694 0.000113442271016
1695 0.000113442271016
1696 0.000113442271016
1697 0.000113442271016
1698 0.000113442271016
1699 0.000113442271016
1700 0.000113442271016
1701 0.000113442271016
1702 0.000113442271016
1703 0.000113442271016
1704 0.000113442271016
1705 0.000113442271016
1706 0.000113442271016
1707 0.000113442271016
1708 0.000113442271016
1709 0.000113442271016
1710 0.000113442271016
1711 0.000113442271016
1712 0.000113442271016
1713 0.000113442271016
1714 0.000113442271016
1715 0.000113442271016
1716 0.000113442271016
1717 0.000113442271016
1718 0.000113442271016
1719 0.0035965021238
1720 0.000113442271016
1721 0.000113442271016
1722 0.000113442271016
1723 0.000113442271016
1724 0.000113442271016
1725 0.000113442271016
1726 0.000113442271016
1727 0.000113442271016
1728 0.000113442271016
1729 0.000113442271016
1730 0.000113442271016
1731 0.000113442271016
1732 0.000113442271016
1733 0.000113442271016
1734 0.000113442271016
1735 0.000113442271016
1736 0.000113442271016
1737 0.000113442271016
1738 0.000113442271016
1739 0.000113442271016
1740 0.000113442271016
1741 0.000113442271016
1742 0.000113442271016
1743 0.000113442271016
1744 0.000113442271016
1745 0.000113442271016
1746 0.000113442271016
1747 0.000113442271016
1748 0.000113442271016
1749 0.000113442271016
1750 0.000113442271016
1751 0.000113442271016
1752 0.000113442271016
1753 0.000113442271016
1754 0.000113442271016
1755 0.000113442271016
1756 0.000113442271016
1757 0.000113442271016
1758 0.000113442271016
1759 0.000113442271016
1760 0.000113442271016
1761 0.000113442271016
1762 0.000113442271016
1763 0.000113442271016
1764 0.000113442271016
1765 0.000113442271016
1766 0.000113442271016
1767 0.000113442271016
1768 0.000113442271016
1769 0.000113442271016
1770 0.000113442271016
1771 0.000113442271016
1772 0.000113442271016
1773 0.000113442271016
1774 0.000113442271016
1775 0.000113442271016
1776 0.000113442271016
1777 0.000113442271016
1778 0.000113442271016
1779 0.000113442271016
1780 0.000113442271016
1781 0.000113442271016
1782 0.000113442271016
1783 0.000113442271016
1784 0.000113442271016
1785 0.000113442271016
1786 0.000113442271016
1787 0.000113442271016
1788 0.000113442271016
1789 0.000113442271016
1790 0.000113442271016
1791 0.000113442271016
1792 0.000113442271016
1793 0.000113442271016
1794 0.000113442271016
1795 0.000113442271016
1796 0.000113442271016
1797 0.000113442271016
1798 0.000113442271016
1799 0.000113442271016
1800 0.000113442271016
1801 0.000113442271016
1802 0.000113442271016
1803 0.000113442271016
1804 0.000113442271016
1805 0.000113442271016
1806 0.000113442271016
1807 0.000113442271016
1808 0.000113442271016
1809 0.000113442271016
1810 0.000113442271016
1811 0.000113442271016
1812 0.000113442271016
1813 0.000113442271016
1814 0.000113442271016
1815 0.000113442271016
1816 0.000113442271016
1817 0.000113442271016
1818 0.000113442271016
1819 0.000113442271016
1820 0.000113442271016
1821 0.000113442271016
1822 0.000113442271016
1823 0.000113442271016
1824 0.000113442271016
1825 0.000113442271016
1826 0.000113442271016
1827 0.000113442271016
1828 0.000113442271016
1829 0.000113442271016
1830 0.000113442271016
1831 0.000113442271016
1832 0.000113442271016
1833 0.000113442271016
1834 0.000113442271016
1835 0.000113442271016
1836 0.000113442271016
1837 0.000113442271016
1838 0.000113442271016
1839 0.000113442271016
1840 0.000113442271016
1841 0.000113442271016
1842 0.000113442271016
1843 0.000113442271016
1844 0.000113442271016
1845 0.000113442271016
1846 0.000113442271016
1847 0.000113442271016
1848 0.000113442271016
1849 0.000113442271016
1850 0.000113442271016
1851 0.000113442271016
1852 0.000113442271016
1853 0.000113442271016
1854 0.000113442271016
1855 0.000113442271016
1856 0.000113442271016
1857 0.000113442271016
1858 0.000113442271016
1859 0.000113442271016
1860 0.000113442271016
1861 0.000113442271016
1862 0.000113442271016
1863 0.000113442271016
1864 0.000113442271016
1865 0.000113442271016
1866 0.000113442271016
1867 0.000113442271016
1868 0.000113442271016
1869 0.000113442271016
1870 0.000113442271016
1871 0.000113442271016
1872 0.000113442271016
1873 0.000113442271016
1874 0.000113442271016
1875 0.000113442271016
1876 0.000113442271016
1877 0.000113442271016
1878 0.000113442271016
1879 0.000113442271016
1880 0.000113442271016
1881 0.000113442271016
1882 0.000113442271016
1883 0.000113442271016
1884 0.000113442271016
1885 0.000113442271016
1886 0.000113442271016
1887 0.000113442271016
1888 0.000113442271016
1889 0.000113442271016
1890 0.000113442271016
1891 0.000113442271016
1892 0.000113442271016
1893 0.000113442271016
1894 0.000113442271016
1895 0.000113442271016
1896 0.000113442271016
1897 0.000113442271016
1898 0.000113442271016
1899 0.000113442271016
1900 0.000113442271016
1901 0.000113442271016
1902 0.000113442271016
1903 0.000113442271016
1904 0.000113442271016
1905 0.000113442271016
1906 0.000113442271016
1907 0.000113442271016
1908 0.000113442271016
1909 0.000113442271016
1910 0.000113442271016
1911 0.0035965021238
1912 0.0035965021238
1913 0.0035965021238
1914 0.000113442271016
1915 0.000113442271016
1916 0.000113442271016
1917 0.000113442271016
1918 0.000113442271016
1919 0.000113442271016
1920 0.000113442271016
1921 0.000113442271016
1922 0.000113442271016
1923 0.000113442271016
1924 0.000113442271016
1925 0.000113442271016
1926 0.000113442271016
1927 0.000113442271016
1928 0.000113442271016
1929 0.000113442271016
1930 0.000113442271016
1931 0.000113442271016
1932 0.000113442271016
1933 0.000113442271016
1934 0.000113442271016
1935 0.000113442271016
1936 0.000113442271016
1937 0.000113442271016
1938 0.000113442271016
1939 0.000113442271016
1940 0.000113442271016
1941 0.000113442271016
1942 0.000113442271016
1943 0.000113442271016
1944 0.000113442271016
1945 0.000113442271016
1946 0.000113442271016
1947 0.000113442271016
1948 0.000113442271016
1949 0.000113442271016
1950 0.000113442271016
1951 0.000113442271016
1952 0.000113442271016
1953 0.000113442271016
1954 0.000113442271016
1955 0.000113442271016
1956 0.000113442271016
1957 0.000113442271016
1958 0.000113442271016
1959 0.000113442271016
1960 0.000113442271016
1961 0.000113442271016
1962 0.000113442271016
1963 0.000113442271016
1964 0.000113442271016
1965 0.000113442271016
1966 0.000113442271016
1967 0.000113442271016
1968 0.000113442271016
1969 0.000113442271016
1970 0.000113442271016
1971 0.000113442271016
1972 0.000113442271016
1973 0.000113442271016
1974 0.000113442271016
1975 0.000113442271016
1976 0.000113442271016
1977 0.000113442271016
1978 0.000113442271016
1979 0.000113442271016
1980 0.000113442271016
1981 0.000113442271016
1982 0.000113442271016
1983 0.000113442271016
1984 0.000113442271016
1985 0.000113442271016
1986 0.000113442271016
1987 0.000113442271016
1988 0.000113442271016
1989 0.000113442271016
1990 0.000113442271016
1991 0.000113442271016
1992 0.000113442271016
1993 0.000113442271016
1994 0.000113442271016
1995 0.000113442271016
1996 0.000113442271016
1997 0.000113442271016
1998 0.000113442271016
1999 0.000113442271016
2000 0.000113442271016
2001 0.000113442271016
2002 0.000113442271016
2003 0.000113442271016
2004 0.000113442271016
2005 0.000113442271016
2006 0.000113442271016
2007 0.000113442271016
2008 0.000113442271016
2009 0.000113442271016
2010 0.000113442271016
2011 0.000113442271016
2012 0.000113442271016
2013 0.000113442271016
2014 0.000113442271016
2015 0.000113442271016
2016 0.000113442271016
2017 0.000113442271016
2018 0.000113442271016
2019 0.000113442271016
2020 0.000113442271016
2021 0.000113442271016
2022 0.000113442271016
2023 0.000113442271016
2024 0.000113442271016
2025 0.000113442271016
2026 0.000113442271016
2027 0.000113442271016
2028 0.000113442271016
2029 0.000113442271016
2030 0.000113442271016
2031 0.000113442271016
2032 0.000113442271016
2033 0.000113442271016
2034 0.000113442271016
2035 0.000113442271016
2036 0.000113442271016
2037 0.000113442271016
2038 0.000113442271016
2039 0.000113442271016
2040 0.000113442271016
2041 0.000113442271016
2042 0.000113442271016
2043 0.000113442271016
2044 0.000113442271016
2045 0.000113442271016
2046 0.000113442271016
2047 0.000113442271016
2048 0.000113442271016
2049 0.000113442271016
2050 0.000113442271016
2051 0.000113442271016
2052 0.000113442271016
2053 0.000113442271016
2054 0.000113442271016
2055 0.000113442271016
2056 0.000113442271016
2057 0.000113442271016
2058 0.000113442271016
2059 0.000113442271016
2060 0.000113442271016
2061 0.000113442271016
2062 0.000113442271016
2063 0.000113442271016
2064 0.000113442271016
2065 0.000113442271016
2066 0.000113442271016
2067 0.000113442271016
2068 0.000113442271016
2069 0.000113442271016
2070 0.000113442271016
2071 0.000113442271016
2072 0.000113442271016
2073 0.000113442271016
2074 0.000113442271016
2075 0.000113442271016
2076 0.000113442271016
2077 0.000113442271016
2078 0.000113442271016
2079 0.000113442271016
2080 0.000113442271016
2081 0.000113442271016
2082 0.000113442271016
2083 0.000113442271016
2084 0.000113442271016
2085 0.000113442271016
2086 0.000113442271016
2087 0.000113442271016
2088 0.000113442271016
2089 0.000113442271016
2090 0.0011650900982
2091 0.000113442271016
2092 0.000113442271016
2093 0.000113442271016
2094 0.000113442271016
2095 0.000113442271016
2096 0.000113442271016
2097 0.000113442271016
2098 0.000113442271016
2099 0.000113442271016
2100 0.000113442271016
2101 0.000113442271016
2102 0.000113442271016
2103 0.000113442271016
2104 0.000113442271016
2105 0.000113442271016
2106 0.000113442271016
2107 0.000113442271016
2108 0.000113442271016
2109 0.000113442271016
2110 0.000113442271016
2111 0.000113442271016
2112 0.000113442271016
2113 0.000113442271016
2114 0.000113442271016
2115 0.000113442271016
2116 0.000113442271016
2117 0.000113442271016
2118 0.000113442271016
2119 0.000113442271016
2120 0.000113442271016
2121 0.000113442271016
2122 0.000113442271016
2123 0.000113442271016
2124 0.000113442271016
2125 0.000113442271016
2126 0.000113442271016
2127 0.000113442271016
2128 0.000113442271016
2129 0.000113442271016
2130 0.000113442271016
2131 0.000113442271016
2132 0.000113442271016
2133 0.000113442271016
2134 0.000113442271016
2135 0.000113442271016
2136 0.00577126213089
2137 0.00577126213089
2138 0.00577126213089
2139 0.00577126213089
2140 0.000113442271016
2141 0.000113442271016
2142 0.000113442271016
2143 0.000113442271016
2144 0.000113442271016
2145 0.000113442271016
2146 0.000113442271016
2147 0.000113442271016
2148 0.000113442271016
2149 0.000113442271016
2150 0.000113442271016
2151 0.000113442271016
2152 0.000113442271016
2153 0.000113442271016
2154 0.000113442271016
2155 0.000113442271016
2156 0.000113442271016
2157 0.000113442271016
2158 0.000113442271016
2159 0.000113442271016
2160 0.000113442271016
2161 0.000113442271016
2162 0.000113442271016
2163 0.000113442271016
2164 0.000113442271016
2165 0.000113442271016
2166 0.000113442271016
2167 0.000113442271016
2168 0.000113442271016
2169 0.000113442271016
2170 0.000113442271016
2171 0.000113442271016
2172 0.00714610317159
2173 0.000113442271016
2174 0.000113442271016
2175 0.000113442271016
2176 0.000113442271016
2177 0.000113442271016
2178 0.000113442271016
2179 0.000113442271016
2180 0.000113442271016
2181 0.000113442271016
2182 0.000113442271016
2183 0.000113442271016
2184 0.000113442271016
2185 0.000113442271016
2186 0.000113442271016
2187 0.000113442271016
2188 0.000113442271016
2189 0.000113442271016
2190 0.000113442271016
2191 0.000113442271016
2192 0.000113442271016
2193 0.000113442271016
2194 0.000113442271016
2195 0.000113442271016
2196 0.000113442271016
2197 0.000113442271016
2198 0.000113442271016
2199 0.000113442271016
2200 0.000113442271016
2201 0.000113442271016
2202 0.000113442271016
2203 0.000113442271016
2204 0.000113442271016
2205 0.000113442271016
2206 0.000113442271016
2207 0.000113442271016
2208 0.000113442271016
2209 0.000113442271016
2210 0.000113442271016
2211 0.000113442271016
2212 0.000113442271016
2213 0.000113442271016
2214 0.000113442271016
2215 0.000113442271016
